Southern leopard frog:93,118,56,95,35,15,5,10,5,0,10,7,35,30,2,0,0,0,0,0,0,0,0,0,0,0,0,0,0,0,0,0,0,0,0,0,0;
African wild dog:22,367,18,16,19,28,428,379,16,22,18,381,31,0,0,0,500,0,750,0,700,350,0,0,0,0,0,0,0,0,0,0,0,0,0,0,0;
Beluga:10219,0,0,512,0,89517,601,0,900,0,2320,0,970,275124,653217,1741107,594294,1670,1518,367,3675,331553,1623,357,774758,278,302,375,304821,0,849,0,0,0,0,0,0;
Arctic redpoll (bird):100,94,61,60,46,52,63,52,52,33,32,29,48,43,28,31,63,51,59,48,30,41,33,62,48,27,43,53,23,30,30,26,26,31,24,-1,-1;
Wild pig:20397,23000,24411,26261,31279,31751,33074,31688,33813,37060,38826,43531,42055,44008,42329,39389,43104,58900,65621,68680,76054,82433,91071,86637,77773,78143,0,0,0,0,0,0,0,0,0,0;
Marmota vancouverensis:140,115,125,170,195,180,190,145,140,130,95,90,80,65,70,55,60,45,40,35,25,30,25,0,0,0,0,0,0,0,0,0,0,0,0,0;
American bison:4500,5600,4600,5000,4700,4600,4400,4000,4200,3400,3300,3200,3000,2700,2250,2600,2650,2400,2500,2200,2600,3400,3600,3400,-1,-1,-1,-1,-1,-1,-1,-1,-1,-1,-1,-1;
Adelie penguin:2100,1500,2000,2317,2460,3246,3252,3986,3604,2817,2651,3101,3627,3297,3472,3751,3378,3933,3411,3620,2363,1367,2239,1963,2036,2459,2607,2654,1805,2609,2513,2887,3083,2944,-1,-1,-1;
Hippopotamus:5151,4884,6293,6544,6832,6580,6741,5522,5289,6321,6495,5651,5500,5353,6449,5886,5226,5330,4904,5189,5938,6169,6272,-1,6350,6130,6369,-1,6318,6331,6150,6738,6777,-1,-1,-1;
Blue wildebeest:14451,-1,-1,-1,-1,-1,-1,-1,11847,7415,8689,9152,7439,7111,7192,4177,9643,5378,3997,5648,7074,16187,12338,13446,9839,10904,7062,9121,-1,-1,-1,-1,-1,-1,-1,-1;
Brown bear:5681,6014,6260,6342,6534,6713,6837,6974,7253,7780,7770,7422,6880,6653,6337,-1,-1,-1,-1,-1,-1,-1,-1,-1,-1,-1,-1,-1,-1,-1,-1,-1,-1,-1,-1,-1;
Polar bear:139103,-1,-1,-1,-1,86077,83688,90298,-1,-1,36682,25555,18403,42511,2575,-1,-1,-1,-1,-1,-1,-1,-1,-1,-1,-1,-1,-1,-1,-1,-1,-1,-1,-1,-1,-1,-1;
Javan rhinoceros:52,-1,-1,-1,-1,-1,-1,-1,-1,-1,55,-1,-1,-1,-1,-1,-1,-1,-1,-1,56,-1,55,-1,-1,55,-1,-1,-1,-1,51,-1,51,-1,-1,-1,-1;
Green sea turtle (Chelonia mydas):1000,-1,-1,-1,-1,-1,-1,-1,-1,-1,457,-1,-1,-1,-1,-1,-1,-1,-1,-1,230,-1,-1,-1,-1,-1,-1,-1,-1,-1,-1,-1,-1,-1,-1,-1,-1;
Red headed Vulture:2000000,-1,-1,-1,-1,-1,-1,-1,-1,-1,1000000,-1,-1,-1,-1,-1,-1,-1,-1,-1,153996,-1,-1,-1,-1,109117,-1,-1,50361,-1,33032,27812,24322,-1,2595,-1,22417;
short-nosed sea snake:-1,-1,-1,-1,-1,-1,-1,-1,-1,-1,5,-1,-1,-1,1,-1,5,-1,0,-1,0,0,-1,-1,-1,-1,-1,-1,-1,-1,0,-1,-1,-1,-1,-1,-1;
Australian dusky rat:-1,-1,-1,-1,-1,-1,-1,-1,-1,-1,138,-1,100,83,-1,-1,51,-1,42,-1,78,-1,-1,-1,-1,87,-1,7,-1,-1,62,-1,0,0,0,-1,-1;
Golden toad:1500,-1,-1,-1,-1,-1,-1,-1,10,1,0,-1,-1,-1,-1,-1,-1,-1,-1,-1,0,-1,-1,-1,-1,-1,-1,-1,-1,-1,-1,0,-1,-1,-1,-1,-1,-1;